0.1764711.87474
1.78547
1.6991
1.617
1.5405
1.47083
1.4091
1.35631
1.31331
1.28079
1.25926
1.24909
1.25042
1.26324
1.28734
1.32233
1.36766
1.42259
1.48624
1.55759
1.6355
1.7187
1.80587
1.87604
1.93668
1.99425
2.05489
2.12506
2.21223
2.29543
2.37334
2.44469
2.50834
2.56328
2.6086
2.6436
2.6677
2.68052
2.68185
2.67167
2.65015
2.61762
2.57462
2.52184
2.46011
2.39044
2.31394
2.23184
2.14546
2.05619
0.352941
0.529412
0.705882
0.882353
1.05882
1.23529
1.41176
1.58824
1.76471
1.94118
2.11765
2.29412
2.47059
2.64706
2.82353
3
3.17647
3.35294
3.52941
3.70588
3.88235
4.05882
4.23529
4.41176
4.58824
4.76471
4.94118
5.11765
5.29412
5.47059
5.64706
5.82353
6
6.17647
6.35294
6.52941
6.70588
6.88235
7.05882
7.23529
7.41176
7.58824
7.76471
7.94118
8.11765
8.29412
8.47059
8.64706
8.82353